1 5 0 0 0 36 21 0 0 0 0 0 0 6 0 
2 6 0 0 0 39 27 0 0 0 0 0 0 7 0 
3 7 0 0 0 44 30 0 0 0 0 0 0 7 0 
4 8 0 0 0 44 32 0 0 0 0 0 0 5 0 
5 8 0 0 0 50 32 0 0 0 0 0 0 6 0 
6 8 0 0 0 54 32 0 0 0 0 0 0 6 0 
7 8 0 0 0 55 32 0 0 0 0 0 0 6 0 
8 8 0 0 0 56 34 0 0 0 0 0 0 6 0 
9 8 0 0 0 58 36 0 0 0 0 0 0 6 0 
10 8 0 0 0 59 38 0 0 0 0 0 0 6 0 
11 8 0 0 0 59 38 0 0 0 0 0 0 6 0 
12 8 0 0 0 59 38 0 0 0 0 0 0 6 0 
13 8 0 0 0 60 38 0 0 0 0 0 0 6 0 
14 8 0 0 0 60 38 0 0 0 0 0 0 6 0 
15 8 0 0 0 58 38 0 0 0 0 0 0 6 0 
16 8 0 0 0 58 38 0 0 0 0 0 0 6 0 
17 8 0 0 0 58 38 0 0 0 0 0 0 6 0 
18 8 0 0 0 58 38 0 0 0 0 0 0 6 0 
19 8 0 0 0 58 38 0 0 0 0 0 0 6 0 
20 8 0 0 0 58 38 0 0 0 0 0 0 6 0 
21 8 0 0 0 58 38 0 0 0 0 0 0 6 0 
22 8 0 0 0 58 38 0 0 0 0 0 0 6 0 
23 8 0 0 0 58 38 0 0 0 0 0 0 6 0 
24 8 0 0 0 58 38 0 0 0 0 0 0 6 0 
25 8 0 0 0 58 38 0 0 0 0 0 0 6 0 
26 8 0 0 0 58 38 0 0 0 0 0 0 6 0 
27 8 0 0 0 58 38 0 0 0 0 0 0 6 0 
28 8 0 0 0 58 38 0 0 0 0 0 0 6 0 
29 8 0 0 0 58 38 0 0 0 0 0 0 6 0 
30 8 0 0 0 58 38 0 0 0 0 0 0 6 0 
