Elm, Pine, Oak, Alder, Hazel, Ash, Lime, Birch, Hornbeam, Larch, Beech, Willow, Maple, PFT, Elm-R, Pine-R, Oak-R, Alder-R, Hazel-R, Ash-R, Lime-R, Birch-R, Hornbeam-R, Larch-R, Beech-R, Willow-R, Maple-R, PFT-R 
0, 0, 1, 0, 4, 40, 0, 0, 0, 0, 0, 0, 8, 4, 0, 0, 1, 0, 4, 40, 0, 0, 0, 0, 0, 0, 8, 4 
0.3, 0, 0.95, 0, 5.45, 33.15, 0, 0, 0, 0, 0, 0, 7.4, 3.5,  ,  ,  ,  ,  ,  ,  ,  ,  ,  ,  ,  ,  ,   
0.25, 0, 0.95, 0, 6, 33.65, 0, 0, 0, 0, 0, 0, 8.75, 4.05,  ,  ,  ,  ,  ,  ,  ,  ,  ,  ,  ,  ,  ,   
0.25, 0, 0.95, 0, 6.85, 34.1, 0, 0, 0, 0, 0, 0, 10.25, 4.65,  ,  ,  ,  ,  ,  ,  ,  ,  ,  ,  ,  ,  ,   
0.25, 0, 0.95, 0, 7.65, 34.65, 0, 0, 0, 0, 0, 0, 11.9, 5.25,  ,  ,  ,  ,  ,  ,  ,  ,  ,  ,  ,  ,  ,   
0.25, 0, 0.95, 0, 8.4, 35.25, 0, 0, 0, 0, 0, 0, 13.6, 5.75,  ,  ,  ,  ,  ,  ,  ,  ,  ,  ,  ,  ,  ,   
0.25, 0, 0.95, 0, 9.2, 35.95, 0, 0, 0, 0, 0, 0, 15.15, 6.15,  ,  ,  ,  ,  ,  ,  ,  ,  ,  ,  ,  ,  ,   
0.25, 0, 0.95, 0, 9.8, 36.35, 0, 0, 0, 0, 0, 0, 16.8, 6.6,  ,  ,  ,  ,  ,  ,  ,  ,  ,  ,  ,  ,  ,   
0.25, 0, 0.95, 0, 10.8, 36.8, 0, 0, 0, 0, 0, 0, 18.5, 7.1,  ,  ,  ,  ,  ,  ,  ,  ,  ,  ,  ,  ,  ,   
0.25, 0, 0.95, 0, 11.65, 37.3, 0, 0, 0, 0, 0, 0, 20.1, 7.5,  ,  ,  ,  ,  ,  ,  ,  ,  ,  ,  ,  ,  ,   
0.25, 0, 0.95, 0, 12.5, 37.85, 0, 0, 0, 0, 0, 0, 22.05, 8,  ,  ,  ,  ,  ,  ,  ,  ,  ,  ,  ,  ,  ,   
0.25, 0, 0.95, 0, 13.05, 38.4, 0, 0, 0, 0, 0, 0, 23.55, 8.55,  ,  ,  ,  ,  ,  ,  ,  ,  ,  ,  ,  ,  ,   
0.25, 0, 0.95, 0, 13.85, 39.2, 0, 0, 0, 0, 0, 0, 25.55, 9,  ,  ,  ,  ,  ,  ,  ,  ,  ,  ,  ,  ,  ,   
0.25, 0, 0.95, 0, 14.35, 39.65, 0, 0, 0, 0, 0, 0, 27, 9.3,  ,  ,  ,  ,  ,  ,  ,  ,  ,  ,  ,  ,  ,   
0.25, 0, 0.95, 0, 15.25, 40.2, 0, 0, 0, 0, 0, 0, 28.25, 9.7,  ,  ,  ,  ,  ,  ,  ,  ,  ,  ,  ,  ,  ,   
0.25, 0, 0.95, 0, 15.35, 40.85, 0, 0, 0, 0, 0, 0, 29.9, 10.2,  ,  ,  ,  ,  ,  ,  ,  ,  ,  ,  ,  ,  ,   
0.25, 0, 0.95, 0, 15.75, 40.95, 0, 0, 0, 0, 0, 0, 30.7, 10.55,  ,  ,  ,  ,  ,  ,  ,  ,  ,  ,  ,  ,  ,   
0.25, 0, 0.95, 0, 16.25, 41.55, 0, 0, 0, 0, 0, 0, 31.55, 10.9,  ,  ,  ,  ,  ,  ,  ,  ,  ,  ,  ,  ,  ,   
0.25, 0, 0.95, 0, 16.5, 42, 0, 0, 0, 0, 0, 0, 32.35, 11.55,  ,  ,  ,  ,  ,  ,  ,  ,  ,  ,  ,  ,  ,   
0.25, 0, 0.95, 0, 16.6, 42.3, 0, 0, 0, 0, 0, 0, 33.15, 11.9,  ,  ,  ,  ,  ,  ,  ,  ,  ,  ,  ,  ,  ,   
0.25, 0, 0.95, 0, 16.8, 42.35, 0, 0, 0, 0, 0, 0, 33.95, 12.25,  ,  ,  ,  ,  ,  ,  ,  ,  ,  ,  ,  ,  ,   
0.25, 0, 0.95, 0, 17, 42.4, 0, 0, 0, 0, 0, 0, 34.65, 12.45,  ,  ,  ,  ,  ,  ,  ,  ,  ,  ,  ,  ,  ,   
0.25, 0, 0.95, 0, 17.05, 42.3, 0, 0, 0, 0, 0, 0, 34.9, 12.6,  ,  ,  ,  ,  ,  ,  ,  ,  ,  ,  ,  ,  ,   
0.25, 0, 0.95, 0, 17.15, 42.45, 0, 0, 0, 0, 0, 0, 35.3, 12.75,  ,  ,  ,  ,  ,  ,  ,  ,  ,  ,  ,  ,  ,   
0.25, 0, 0.95, 0, 17.15, 42.55, 0, 0, 0, 0, 0, 0, 35.35, 12.8,  ,  ,  ,  ,  ,  ,  ,  ,  ,  ,  ,  ,  ,   
0.25, 0, 0.95, 0, 17.2, 42.55, 0, 0, 0, 0, 0, 0, 35.45, 12.95,  ,  ,  ,  ,  ,  ,  ,  ,  ,  ,  ,  ,  ,   
0.25, 0, 0.95, 0, 17.2, 42.6, 0, 0, 0, 0, 0, 0, 35.75, 12.95,  ,  ,  ,  ,  ,  ,  ,  ,  ,  ,  ,  ,  ,   
0.25, 0, 0.95, 0, 17.25, 42.6, 0, 0, 0, 0, 0, 0, 35.85, 13,  ,  ,  ,  ,  ,  ,  ,  ,  ,  ,  ,  ,  ,   
0.25, 0, 0.95, 0, 17.3, 42.55, 0, 0, 0, 0, 0, 0, 35.8, 12.95,  ,  ,  ,  ,  ,  ,  ,  ,  ,  ,  ,  ,  ,   
0.25, 0, 0.95, 0, 17.35, 42.6, 0, 0, 0, 0, 0, 0, 35.95, 12.9,  ,  ,  ,  ,  ,  ,  ,  ,  ,  ,  ,  ,  ,   
0.25, 0, 0.95, 0, 17.4, 42.6, 0, 0, 0, 0, 0, 0, 35.95, 13, 0, 0, 2, 0, 12, 11, 0, 0, 1, 0, 0, 0, 62, 0 
