Elm, Pine, Oak, Alder, Hazel, Ash, Lime, Birch, Hornbeam, Larch, Beech, Willow, Maple, PFT, Elm-R, Pine-R, Oak-R, Alder-R, Hazel-R, Ash-R, Lime-R, Birch-R, Hornbeam-R, Larch-R, Beech-R, Willow-R, Maple-R, PFT-R 
0, 0, 1, 0, 18, 1, 0, 0, 0, 0, 0, 0, 18, 0, 0, 0, 1, 0, 18, 1, 0, 0, 0, 0, 0, 0, 18, 0 
0.3, 0, 0.95, 0, 20.2, 6.45, 0, 0, 0, 0, 0, 0, 15.15, 0,  ,  ,  ,  ,  ,  ,  ,  ,  ,  ,  ,  ,  ,   
0.25, 0, 0.95, 0, 25.25, 10.4, 0, 0, 0, 0, 0, 0, 17.9, 0,  ,  ,  ,  ,  ,  ,  ,  ,  ,  ,  ,  ,  ,   
0.25, 0, 0.95, 0, 30.7, 13.95, 0, 0, 0, 0, 0, 0, 20.25, 0,  ,  ,  ,  ,  ,  ,  ,  ,  ,  ,  ,  ,  ,   
0.25, 0, 0.95, 0, 35.25, 17.85, 0, 0, 0, 0, 0, 0, 21.55, 0,  ,  ,  ,  ,  ,  ,  ,  ,  ,  ,  ,  ,  ,   
0.25, 0, 0.95, 0, 39.7, 20.5, 0, 0, 0, 0, 0, 0, 23.3, 0,  ,  ,  ,  ,  ,  ,  ,  ,  ,  ,  ,  ,  ,   
0.25, 0, 0.95, 0, 43.3, 23, 0, 0, 0, 0, 0, 0, 24.75, 0,  ,  ,  ,  ,  ,  ,  ,  ,  ,  ,  ,  ,  ,   
0.25, 0, 0.95, 0, 46.1, 24.85, 0, 0, 0, 0, 0, 0, 25.5, 0,  ,  ,  ,  ,  ,  ,  ,  ,  ,  ,  ,  ,  ,   
0.25, 0, 0.95, 0, 47.85, 26.15, 0, 0, 0, 0, 0, 0, 26.45, 0,  ,  ,  ,  ,  ,  ,  ,  ,  ,  ,  ,  ,  ,   
0.25, 0, 0.95, 0, 49.85, 27.5, 0, 0, 0, 0, 0, 0, 27.05, 0,  ,  ,  ,  ,  ,  ,  ,  ,  ,  ,  ,  ,  ,   
0.25, 0, 0.95, 0, 52.05, 28.35, 0, 0, 0, 0, 0, 0, 27.5, 0,  ,  ,  ,  ,  ,  ,  ,  ,  ,  ,  ,  ,  ,   
0.25, 0, 0.95, 0, 53.3, 29.4, 0, 0, 0, 0, 0, 0, 27.85, 0,  ,  ,  ,  ,  ,  ,  ,  ,  ,  ,  ,  ,  ,   
0.25, 0, 0.95, 0, 54.3, 30.3, 0, 0, 0, 0, 0, 0, 28.25, 0,  ,  ,  ,  ,  ,  ,  ,  ,  ,  ,  ,  ,  ,   
0.25, 0, 0.95, 0, 55.25, 30.9, 0, 0, 0, 0, 0, 0, 28.4, 0,  ,  ,  ,  ,  ,  ,  ,  ,  ,  ,  ,  ,  ,   
0.25, 0, 0.95, 0, 56, 31.5, 0, 0, 0, 0, 0, 0, 28.5, 0,  ,  ,  ,  ,  ,  ,  ,  ,  ,  ,  ,  ,  ,   
0.25, 0, 0.95, 0, 56.45, 31.6, 0, 0, 0, 0, 0, 0, 28.55, 0,  ,  ,  ,  ,  ,  ,  ,  ,  ,  ,  ,  ,  ,   
0.25, 0, 0.95, 0, 56.9, 31.65, 0, 0, 0, 0, 0, 0, 28.55, 0,  ,  ,  ,  ,  ,  ,  ,  ,  ,  ,  ,  ,  ,   
0.25, 0, 0.95, 0, 57.4, 31.9, 0, 0, 0, 0, 0, 0, 28.65, 0,  ,  ,  ,  ,  ,  ,  ,  ,  ,  ,  ,  ,  ,   
0.25, 0, 0.95, 0, 57.6, 31.75, 0, 0, 0, 0, 0, 0, 28.9, 0,  ,  ,  ,  ,  ,  ,  ,  ,  ,  ,  ,  ,  ,   
0.25, 0, 0.95, 0, 57.75, 31.85, 0, 0, 0, 0, 0, 0, 28.9, 0,  ,  ,  ,  ,  ,  ,  ,  ,  ,  ,  ,  ,  ,   
0.25, 0, 0.95, 0, 57.9, 31.9, 0, 0, 0, 0, 0, 0, 28.9, 0,  ,  ,  ,  ,  ,  ,  ,  ,  ,  ,  ,  ,  ,   
0.25, 0, 0.95, 0, 57.9, 31.95, 0, 0, 0, 0, 0, 0, 28.9, 0,  ,  ,  ,  ,  ,  ,  ,  ,  ,  ,  ,  ,  ,   
0.25, 0, 0.95, 0, 58.1, 31.95, 0, 0, 0, 0, 0, 0, 28.95, 0,  ,  ,  ,  ,  ,  ,  ,  ,  ,  ,  ,  ,  ,   
0.25, 0, 0.95, 0, 58.15, 32, 0, 0, 0, 0, 0, 0, 28.95, 0,  ,  ,  ,  ,  ,  ,  ,  ,  ,  ,  ,  ,  ,   
0.25, 0, 0.95, 0, 58.25, 32, 0, 0, 0, 0, 0, 0, 28.95, 0,  ,  ,  ,  ,  ,  ,  ,  ,  ,  ,  ,  ,  ,   
0.25, 0, 0.95, 0, 58.25, 32.1, 0, 0, 0, 0, 0, 0, 29, 0,  ,  ,  ,  ,  ,  ,  ,  ,  ,  ,  ,  ,  ,   
0.25, 0, 0.95, 0, 58.3, 32.1, 0, 0, 0, 0, 0, 0, 29, 0,  ,  ,  ,  ,  ,  ,  ,  ,  ,  ,  ,  ,  ,   
0.25, 0, 0.95, 0, 58.3, 32.1, 0, 0, 0, 0, 0, 0, 29, 0,  ,  ,  ,  ,  ,  ,  ,  ,  ,  ,  ,  ,  ,   
0.25, 0, 0.95, 0, 58.35, 32.1, 0, 0, 0, 0, 0, 0, 29, 0,  ,  ,  ,  ,  ,  ,  ,  ,  ,  ,  ,  ,  ,   
0.25, 0, 0.95, 0, 58.35, 32.1, 0, 0, 0, 0, 0, 0, 29, 0,  ,  ,  ,  ,  ,  ,  ,  ,  ,  ,  ,  ,  ,   
0.25, 0, 0.95, 0, 58.5, 32.1, 0, 0, 0, 0, 0, 0, 29, 0, 0, 0, 0, 0, 74, 0, 0, 0, 0, 0, 0, 0, 46, 32 
